id	Activated CD8 T cell	Central memory CD8 T cell	Effector memeory CD8 T cell	Activated CD4 T cell	Central memory CD4 T cell	Effector memeory CD4 T cell	T follicular helper cell	Gamma delta T cell	Type 1 T helper cell	Type 17 T helper cell	Type 2 T helper cell	Regulatory T cell	Activated B cell	Immature  B cell	Memory B cell	Natural killer cell	CD56bright natural killer cell	CD56dim natural killer cell	Myeloid derived suppressor cell	Natural killer T cell	Activated dendritic cell	Plasmacytoid dendritic cell	Immature dendritic cell	Macrophage	Eosinophil	Mast cell	Monocyte	Neutrophil
GSM1369796	0.486245969388429	0.568808949913519	0.697763864471202	0.247562535710841	0.746756882226315	0.4280266179653	0.502273234259368	0.523819466851448	0.410260975509314	0.266713108702275	0.0539929721329515	0.553037925572577	0.508407114766556	0.619064436496159	0.380880595689651	0.341763324232289	0.460805512885636	0.474057253673159	0.950589416393957	0.403767571691822	0.706603613556335	0.742460855093451	0.52084782042168	0.640334821840295	0.321610012345386	0.60060026713066	0.852305499109017	0.409016881472619
GSM1369797	0.448400098653108	0.572009752531793	0.665827917336106	0.188434155281074	0.724407344799373	0.456644838853869	0.495260057272823	0.548841340812306	0.432617639306878	0.292482115964143	0.074182173178909	0.561243243165482	0.248274100326951	0.619338422132006	0.354070102811554	0.38739953353082	0.463981343116642	0.434529793944438	0.970214783380518	0.417897403407843	0.72612784987866	0.751043416278297	0.510753683863625	0.654064311649478	0.310517540441099	0.727554861387379	0.787869415110311	0.432480901945564
GSM1369798	0.559936318157902	0.577831556011654	0.692933787537707	0.214401967931861	0.709094048768846	0.485097265041998	0.502780952536859	0.538949112038236	0.443045771283691	0.266606670408826	0.0440638431617738	0.561862914720611	0.350566646719869	0.598614880526303	0.353099721165623	0.383405846525606	0.45604841891956	0.477077781457506	0.955330104135786	0.453417328217862	0.698109732808907	0.753950318971118	0.514461819639267	0.669247763448559	0.291776156086534	0.618767952847706	0.843113709665253	0.497267284043432
GSM1369799	0.478332551412816	0.578449537960168	0.669490608303845	0.199262842433665	0.736577094593543	0.425622031486118	0.504448771188819	0.533095209149969	0.437431645970845	0.279772122932086	0.0368669872800849	0.575169715433864	0.340099879342042	0.601951610904305	0.360825495213434	0.368826765513754	0.458650613779871	0.494836984074353	0.995053396657497	0.445613033676369	0.741416158725044	0.740408811421544	0.527829389553783	0.678725130720741	0.30775812825348	0.634622546728423	0.883855265691663	0.479839517018766
GSM1369800	0.587056064105169	0.579919917209298	0.696638940605663	0.26316405541581	0.723416222941864	0.458758169176166	0.507413204108388	0.556385831316223	0.445941635930932	0.241061291005212	0.0394623807259189	0.565967356456284	0.444158591766102	0.641751759255683	0.376074835587333	0.367715478293937	0.47156124308834	0.463827687027817	1	0.439734365457739	0.718688231132709	0.729532013094273	0.535604346550416	0.68045938297774	0.326422253687576	0.646273591336774	0.851174195414168	0.490553677117424
GSM1369801	0.459065151397014	0.603833561237482	0.686019385287945	0.176245069066798	0.724375029539801	0.417510824425123	0.52016679996705	0.550289794513451	0.43602125924115	0.257865240831269	0.0418493141478089	0.588623345628724	0.31333534501725	0.564872660951958	0.354893389828965	0.382932261157191	0.456545609985273	0.473873784302571	0.984487801530021	0.451572996552478	0.756027495518863	0.740019692794118	0.478284237630718	0.67793373628925	0.292416459594423	0.647896851734742	0.881496446435258	0.473906490827421
GSM1369802	0.434309263397842	0.596221381121848	0.690492304474748	0.194392488562195	0.726191651007928	0.462356612019239	0.485014333345762	0.561579583266451	0.429834730237831	0.291190988384214	0.0465058246039437	0.568265530373107	0.256580197761385	0.605237917987175	0.364414066244703	0.392432542545633	0.468204110172134	0.46634247875652	0.954167562154398	0.448424084514833	0.711246339998964	0.737254129389667	0.542461213045304	0.669180604005777	0.27286504508287	0.612636906310585	0.864062222506326	0.46186418744862
GSM1369803	0.454949034890202	0.596769234536264	0.678878667546604	0.202104520264765	0.719165063699585	0.448799544324576	0.501825803941818	0.544611308333503	0.428123737412149	0.281075699523399	0.0480535477975709	0.55075630550118	0.262076962749477	0.644971981511567	0.38408728858969	0.364840602626339	0.471903946239301	0.462678570613775	0.975921497063493	0.450636035577329	0.739525722277981	0.755709808579899	0.528096032424499	0.68022896229387	0.308937473621464	0.630910353859605	0.855046935432431	0.486342443892674
GSM1369804	0.591255232019563	0.573965324628395	0.692182343165149	0.212403384198135	0.725828343722951	0.417936641967954	0.506199140310916	0.547367670728833	0.433367292945	0.305713194006709	0.0294771912084325	0.581731347579465	0.265780154835719	0.610256510121508	0.372231016072266	0.376497159286838	0.456126357445672	0.478466369052843	0.975059280466294	0.45226868894229	0.716797722513987	0.720090431874647	0.519184103733136	0.677005219147682	0.302790197648647	0.639818214098277	0.856010590914845	0.489291815032938
GSM1369805	0.482984724205388	0.574209204607656	0.670735728057355	0.2005935514552	0.739561910613981	0.45603315994814	0.505940006371543	0.529245100440168	0.446296773920056	0.297694663225287	0.0294966636744975	0.570736211004279	0.370325790032491	0.645384671447591	0.371880450317404	0.38244179957335	0.466410135305894	0.492629332721198	0.975301418685407	0.426369933374138	0.705582029015823	0.752582912701363	0.519754062847303	0.66220680875303	0.312122338480421	0.63106417942327	0.877447734318465	0.459055189858569
GSM1369806	0.458790908026567	0.598256460635045	0.701224692471691	0.210754725359858	0.724957947785759	0.429120003556743	0.505170713328069	0.534756453404589	0.439753843404087	0.288419326322519	0.018446023825591	0.578722240483787	0.37618631711653	0.582430361498304	0.367108048076393	0.369831053003568	0.462247616255823	0.462725833103569	0.975382779755023	0.44225103453488	0.733627953757305	0.755118082459814	0.523371033123297	0.669289141306507	0.328025862155426	0.600938781366731	0.87053454714592	0.48170339560385
GSM1369807	0.540626724057211	0.584796216357548	0.683444110598294	0.215394861903486	0.728489318744376	0.465614880007576	0.505456633193061	0.565591800157884	0.440579836137042	0.29357184331301	0.0250804376663168	0.571504631165612	0.331089477842959	0.642449690505779	0.351114295650133	0.37034042157259	0.467974113685115	0.474966102362081	0.974849718835783	0.444778580812611	0.7074386949641	0.75115797821753	0.509002965066769	0.661039515716402	0.30799009280027	0.629996619524408	0.844959435111221	0.475448786924016
GSM1369808	0.549559487977935	0.600257503776928	0.687874666177678	0.220278774684643	0.723317798484644	0.434014296376381	0.505874233585054	0.56373280347785	0.4296051154534	0.256046408439499	0	0.563099439463921	0.305532698049695	0.604551863894069	0.332639494306601	0.39208202476442	0.468417269074264	0.488326669035984	0.986797205630466	0.450146282986526	0.727447706856545	0.755735101828944	0.527582638590355	0.667687398657316	0.32599837398769	0.633755206608341	0.874326133124768	0.477026083650687
GSM1369809	0.465556449258605	0.600477070424238	0.699196430794762	0.207783642521691	0.725481931911489	0.473749669697878	0.504756181641132	0.563242931628631	0.451993514838778	0.301731254841675	0.027295597212021	0.583229780562597	0.304470391955003	0.635353980053332	0.372104398344402	0.370627487685796	0.487810622832511	0.470188807658611	0.970632136390479	0.43806801688651	0.751961340658865	0.781678206910084	0.526670368014386	0.680273791182711	0.329248926745808	0.66948540500177	0.868674073822283	0.458204294751122
GSM1369810	0.453033877545043	0.586675036363865	0.682239459076571	0.194576176551866	0.722918009265513	0.450458004125066	0.499263602590695	0.538582664068355	0.434462144622779	0.295219268893901	0.0407441964257611	0.556065380116554	0.336531948504306	0.611102688504216	0.367340030429456	0.370243474530702	0.46234295742836	0.47587122021759	0.976954319142382	0.445015257197146	0.706621181089244	0.743915982043585	0.500413421234879	0.689314145215115	0.291067229356875	0.61050838091197	0.861530744462762	0.481806600606098
GSM1369811	0.469081518912876	0.573248591734002	0.675417340968502	0.169460776858544	0.734558096591003	0.448203701845772	0.509572685079471	0.557290055643828	0.428946894583249	0.274319438631446	0.0453177032775359	0.593945509484029	0.274645201465334	0.608389483268317	0.378172972481098	0.387393998046195	0.468201520406359	0.478467403721849	0.976090386440561	0.446911933641804	0.720727596257437	0.721380783438678	0.517959354555325	0.688720737735014	0.330530442937998	0.628052299961243	0.872073182765501	0.460960441561515
GSM1369812	0.461665635796189	0.57407836500326	0.690560198780823	0.20773751031867	0.72071979882526	0.467655869956479	0.505050504383025	0.552905770336736	0.439399292431177	0.290089347464792	0.0398730760595861	0.572468703612141	0.367435762475449	0.642951899137522	0.3625027238089	0.385125846975479	0.457573673093852	0.473816155318651	0.97728624345154	0.4493922322811	0.736680931372755	0.762929438063755	0.523137895769272	0.663119738769004	0.32624997907995	0.633504295970977	0.85084108320895	0.462407331121362
GSM1369813	0.48578001528633	0.567482210925736	0.689277687559283	0.238763833879991	0.729688934824271	0.495208822224374	0.514523701251147	0.568980058088773	0.438174426112435	0.297689283319342	0.0358799761820844	0.551628757692673	0.334019373341799	0.64122791739677	0.368768110559053	0.387507426602478	0.468082047568816	0.480202659031267	0.96339878923532	0.427215025310571	0.723108046834479	0.771794276805201	0.524227932540747	0.665233653842371	0.298991629121589	0.650415746573647	0.847135169936481	0.414193677520268
GSM1369814	0.459351248852587	0.588464150397861	0.688994322367769	0.198251479863435	0.724077444833908	0.465491170551823	0.509742443868462	0.544979392289415	0.427261137862812	0.285642066859163	0.0252211187976301	0.557683630268672	0.353379589554837	0.614728598737189	0.374828028745628	0.36665867595206	0.480305176273292	0.471959949800283	0.973469125483714	0.434944423000337	0.719007442325029	0.765602424387153	0.539703872054742	0.684543679839684	0.345508800265578	0.618190279705206	0.860110201960536	0.463356541671199
GSM1369815	0.502360573467952	0.608961560082226	0.700278315628418	0.222730932626089	0.730068269445263	0.452637489937347	0.506032062006333	0.543615059444035	0.437038054427517	0.269379773555982	0.0208036306142693	0.573717339153837	0.361410966577877	0.611734237721709	0.381710311669738	0.367400972504103	0.479393166103041	0.487968464968451	0.972471786190515	0.446697341025535	0.727781260547289	0.744715088499911	0.526307966934486	0.667751244896979	0.294888224740537	0.61456903678969	0.880286476427023	0.457578447064748
GSM1369816	0.463783906469541	0.58509721622555	0.670524277795412	0.180499754889171	0.721924946671771	0.432665507704003	0.50743714453417	0.538405984932655	0.437602873048639	0.292308461729791	0.0423554955556972	0.581630044356832	0.269971260076461	0.596059277790113	0.393634266007259	0.385691842268123	0.483723214627641	0.47947777879707	0.97596951448529	0.44466550101651	0.733184307158335	0.73279066036387	0.512804444291621	0.687959008384331	0.305916073063282	0.660667031835331	0.87175789675195	0.453404831729229
GSM1369817	0.514165580634196	0.587760434706819	0.697421552068345	0.198197801233195	0.718136720080847	0.448673655697507	0.502353034532107	0.54556304197663	0.430877852737283	0.24481984732443	0.041990537924311	0.590632191617179	0.314122456934957	0.598061703406938	0.361821657132152	0.373358421278742	0.459679066296326	0.489746123650747	0.980891484360078	0.441461074619734	0.746262010185714	0.754157208767233	0.515025222466008	0.695955881804689	0.307277414748001	0.662098986463179	0.861917655501393	0.501840554428371
GSM1369818	0.489680914642012	0.577025734912277	0.683077804873591	0.182224173930488	0.724104207973972	0.454385342611079	0.488266217077246	0.563378037410618	0.428697349703193	0.267564442487333	0.0271892269360536	0.560000133668569	0.259446220058168	0.607850074770318	0.366173016380048	0.377085625290598	0.477396601621424	0.465365406768939	0.958473300456829	0.4414247606699	0.725050253480271	0.745029279420601	0.524925263013291	0.6762682409033	0.342774769140258	0.639816182076717	0.853856677080358	0.486103286223433
GSM1369819	0.430822932518718	0.579877547410809	0.677039436761638	0.174610656301551	0.724525109382705	0.430753290099228	0.503649794449214	0.540445955245264	0.440525906239516	0.299294549837222	0.0383060074501034	0.594765739497407	0.256826592345983	0.617501658490684	0.376386615769641	0.380953933997406	0.463573910112278	0.458914430957248	0.98431431560646	0.437851573304748	0.733442951021811	0.723452391366175	0.499142431409009	0.707542231558011	0.280189346976554	0.632294984208948	0.861069400853173	0.46752214246986
GSM1369820	0.469967720581893	0.571625568715858	0.699341168549243	0.221583639627272	0.726315915303419	0.434146646954224	0.513782784345695	0.537473353409573	0.439642532082667	0.30622781505691	0.0528533136107472	0.562341150720916	0.312414111016956	0.643569983103404	0.367746573462887	0.376771864498118	0.474320301832178	0.504601137191192	0.977986589528147	0.44595703414922	0.698588894365759	0.735079909727729	0.521089618048064	0.673185098719472	0.298853826673063	0.614028304061808	0.85542253288301	0.430462354502473
GSM1369821	0.533969532570502	0.598710932511857	0.696428920198322	0.209639102847495	0.720379042399287	0.427536462397933	0.514186127037221	0.527623986304627	0.446013209536345	0.281161074125168	0.0285626047209872	0.59805413183263	0.352195579801319	0.573455765170334	0.370800796669266	0.393580677142489	0.453097796091309	0.516477607564247	0.991299215221535	0.467365046161002	0.730148758430155	0.722104296494748	0.519838336128527	0.70618740534642	0.323541405428628	0.615044836902259	0.889745345471543	0.459902674900048
GSM1369822	0.436529235045686	0.586853302352136	0.689547986332452	0.203079053235292	0.72769846463044	0.460120559887561	0.499428264518909	0.558182510041144	0.443990815957584	0.280566720212362	0.00764958693323753	0.589818381089068	0.293359078136925	0.619825778616165	0.387027657125329	0.378694768851275	0.45399151204727	0.494739899559667	0.961386694219013	0.446125034184374	0.72843829007108	0.764229365660694	0.521512325532171	0.704380684974983	0.326190762044091	0.619311642602969	0.885055798717826	0.491434648774535
GSM1369823	0.453801784827419	0.579386952120241	0.686995068112375	0.203199271333882	0.725162630914234	0.438606615464684	0.505336030348014	0.533546602187143	0.433745634371522	0.286587091915915	0.0373453485939589	0.571577461257021	0.331681736954412	0.588617365226306	0.386089709218956	0.371782213209825	0.479941204382428	0.488843521263888	0.981652906412799	0.45506660235182	0.720816722299556	0.71759163640058	0.509658899044521	0.697429394610034	0.297880182892797	0.623279662796611	0.880676225282823	0.471295540842343
GSM1369824	0.447762844578842	0.594463981744509	0.698649134687567	0.179942007221622	0.718397965774435	0.446601171903679	0.497661339547196	0.543337508752534	0.455357139389412	0.307889906138434	0.0142031496417216	0.57912526727584	0.313970756321618	0.635886666902754	0.38008204575244	0.381355747954789	0.434839459974936	0.486578682764427	0.992699908139344	0.445571582686741	0.703962587729716	0.746674641308926	0.525316857487552	0.689755812086987	0.284710276861502	0.611080198242718	0.877328537015006	0.495164074932312
GSM1369825	0.456351299343113	0.580160194112887	0.706903139453345	0.188965447367495	0.730558192811559	0.458145259780062	0.50289537605521	0.534518158508761	0.422840369472976	0.293158520211069	0.0292452868863535	0.579971113767784	0.362083031271601	0.613088694367001	0.361092843062608	0.387464807715702	0.444331717189514	0.474509560287474	0.975992754331308	0.447280759612358	0.709583962412341	0.753834899555315	0.518783890150492	0.661113314412218	0.318794646442635	0.624775661170775	0.863654252883294	0.501639537868828
GSM1369826	0.45059758721146	0.576690287738865	0.676341691298677	0.165489473941757	0.718754339267475	0.41621570559464	0.515778077665629	0.534517410357873	0.43275898685777	0.287897241261763	0.0287831135491972	0.576865423648335	0.375112112081652	0.573652507750492	0.371718287877151	0.376644148179375	0.459671176378305	0.475233188345175	0.969527597479711	0.451138945286581	0.714674353920619	0.736789464976102	0.496974175061063	0.698832371082207	0.299103030616204	0.65600977399609	0.878938155122014	0.454973689908569
GSM1369827	0.420974970081937	0.596491263617001	0.693373805351549	0.186291875677638	0.728602079692797	0.394630492959152	0.528477532055551	0.534393051045202	0.442853663216759	0.278841358211964	0.00842024013632542	0.567436890951317	0.330766258970543	0.596323723888137	0.375554626238228	0.389408974088018	0.469023941414517	0.492800302218952	0.983226632199742	0.441848148321003	0.739877288819165	0.744178688519739	0.505391953286315	0.679747049665552	0.28396145748807	0.677632743394901	0.878391812385203	0.437545816468607
GSM1369828	0.47482599312918	0.591360515651536	0.688657441003334	0.201826649969643	0.720899339342216	0.431692749476575	0.507646033962734	0.524297211294228	0.440898992987763	0.284170030109804	0.0385046107716398	0.570768067582437	0.298583489242739	0.584522141573073	0.360122654102552	0.37437556924158	0.480778291300891	0.464413950334061	0.976706101923472	0.445248631957639	0.723779573732666	0.732732238975636	0.520263040788989	0.696160700845779	0.350292317731768	0.677868180838131	0.865158526705885	0.456891673821365
GSM1369829	0.431590070446617	0.59949291467219	0.694134843831573	0.213184507973275	0.738386997320976	0.447231842312075	0.513998289914253	0.551159680941481	0.43209368780293	0.267872775208575	0.0142961733669003	0.598258083904319	0.32752727593511	0.631004767466941	0.366162131879102	0.370956713772071	0.446882520686917	0.461199038669114	0.994136836556157	0.437805795864025	0.764264391155082	0.756171551649548	0.529438527896607	0.68486916706311	0.359290377175813	0.690571911191656	0.885035406362148	0.534627525576246
GSM1369830	0.441364399440172	0.587201217445554	0.681238315932241	0.139872027364403	0.714710997754914	0.40873152941328	0.511185096557881	0.542589143761248	0.435728848175905	0.259956744210123	0.0188826903122952	0.583067575097067	0.281545820928022	0.598060535904759	0.355469062094948	0.373631268479952	0.455440927010444	0.470231049856993	0.995401262084836	0.452512794106739	0.696851122169776	0.736645239288096	0.482902530638258	0.698174525335623	0.29520110232909	0.606559039412554	0.879568551968475	0.473157840504447
GSM1369831	0.430699125643877	0.606238210931861	0.683755019849643	0.200433829305996	0.736968534090957	0.387494353827938	0.52737215130938	0.545620993541135	0.437848736504867	0.324992611888704	0.0111505874966012	0.608629652088424	0.325343933669163	0.638123284412803	0.355361117081884	0.399905594848943	0.448959572312333	0.480386357077867	0.948415104656833	0.435221248623055	0.724195795089059	0.73549464626411	0.519400140643186	0.690687548079042	0.256327877837957	0.647975963889276	0.894051512021419	0.465554151989514
GSM1369832	0.455994403723654	0.573495068417578	0.681950773681835	0.182733114154172	0.725896307153294	0.453290368207967	0.512987924456263	0.550179757584176	0.440127039624161	0.303247226562398	0.0355540599258227	0.572913305910516	0.343058639225847	0.595453167722275	0.370291823178179	0.384197971692819	0.463910057761953	0.478202712867299	0.989552425052058	0.426973357578697	0.731517414816728	0.743458522201294	0.526347496112942	0.672908907808076	0.291332577933755	0.61813542741402	0.869581337214018	0.43686422212041
GSM1369833	0.451690163624061	0.560209565131694	0.666378351644194	0.187118141667706	0.72891396419201	0.44909991979327	0.492683531000567	0.573473877710284	0.426664133434837	0.2819895887563	0.0487008959456933	0.594141340357029	0.381574050636828	0.624848062516658	0.348499906728471	0.36126154109435	0.461294937889632	0.449295614376101	0.960319963796474	0.418553462599007	0.745818754715054	0.755080710136999	0.539067311287194	0.678059864952129	0.279162120782651	0.628539310630326	0.851487189390501	0.474136514700268
GSM1369834	0.482857629859906	0.566339971767998	0.671011172419478	0.195323302698516	0.715167061186347	0.434933392226229	0.498037086658324	0.540049930938738	0.438078904552456	0.282279825243285	0.0421728361740396	0.576868169852749	0.284199306381388	0.596696765374134	0.347906623850008	0.373972013486899	0.470085815492422	0.448259521891666	0.969571075182877	0.438123370632675	0.728726784207619	0.743892736913984	0.531047874473153	0.67475455388151	0.338317666271042	0.681290772624462	0.873765623831982	0.476670900207109
GSM1369835	0.424360773319134	0.607240979358179	0.685640190214253	0.208915163824628	0.727315099246135	0.455905264075904	0.507470086205723	0.54790333313984	0.437399534822989	0.291428880620502	0.0410168537043654	0.576714332210272	0.289475552300247	0.595597160371895	0.37054730609888	0.378518491460851	0.456478081428083	0.475732215247227	0.963082620223568	0.433340794315103	0.743730312155104	0.729862295333567	0.520047002957929	0.676600107320286	0.332222578791435	0.646314413170833	0.868417296286479	0.491355631177888
