id	AREG	CCL11	CCL20	CCL3	CCL8	CTSB	CXCL1	CXCL11	CXCL5	CXCL8	EREG	IGFBP3	IL15	IL1A	IL1B	IL6	MMP1	MMP10	MMP12	MMP14	MMP3	PIGF	PLAU	PLAUR	SERPINE1	TIMP2	TNFRSF11B	TNFRSF1A	VEGFA	Cluster
GSM1369796	4.836912	5.58531075	5.106248625	7.171154	5.42252375	9.8669874375	5.27768475	4.76772475	5.27977035416667	5.818628	5.076859	6.092366125	6.6837674375	5.75111	8.2061365	5.618522125	4.80919225	4.84115575	4.9837765	7.0060455625	4.9818225625	7.4763313125	6.261422125	8.2853825	5.8864325	8.750147125	4.87073325	9.475434625	7.36350690625	Cluster1
GSM1369797	4.8431014375	5.53687625	5.254576375	7.345825625	5.62950625	9.587208375	5.833199	4.6876221875	5.70463841666667	6.8466416875	5.407656625	6.19514009375	6.6895974375	5.92685125	9.4810480625	5.606247875	5.16862175	4.848391125	5.212251625	7.248108625	5.02757675	7.3712453125	6.373791625	8.29221708333333	6.110986	8.5529101875	4.84119025	9.266768	7.45271084375	Cluster1
GSM1369798	4.859021	5.6211615	5.155992875	7.2870515	5.592146	9.96789215625	5.39907725	4.7814856875	5.75563495833333	5.8668555	5.22940175	5.93666875	6.8681433125	5.92653571875	8.417875125	5.738021125	5.0344875	4.8258965	5.182902375	7.0665373125	5.147308875	7.3033173125	6.320314875	8.59676858333333	6.3325549375	9.220476625	4.9419396875	9.588947	7.20649534375	Cluster1
GSM1369799	4.8360783125	5.611535875	5.192621125	8.18154525	5.447974875	10.21024678125	5.593526	4.752006375	5.47689370833333	5.97143165625	5.03410525	6.221263375	6.86369625	5.800296875	8.711579	5.715018125	4.845526375	4.799231125	4.9373985	7.163185703125	5.060439	7.07016175	6.26856725	8.64652495833333	6.080355	9.43649725	4.78338825	10.00663925	7.417166984375	Cluster2
GSM1369800	4.8969373125	5.658883125	5.147997625	7.73013	5.9741026875	10.21980553125	5.581510875	4.8329715	6.077894625	6.4461114375	5.437189875	6.0758090625	6.861835125	5.91255925	9.1282746875	5.817646	4.937597	4.685110625	5.06135525	7.06671365625	5.164709	7.277456125	6.28458075	8.636202625	5.9762080625	8.791204625	4.88220575	9.66126675	7.4455319375	Cluster1
GSM1369801	4.77950725	5.657588	5.170947875	8.36509775	5.553957875	10.35663190625	5.873061125	4.7018180625	5.470345125	6.496011875	5.366877	5.9789586875	6.2559279375	5.6817815	9.5444861875	5.621911625	4.95573125	4.817614375	5.19803325	7.06966003125	5.087655125	7.224567375	6.4957325	8.93824233333333	6.046275	9.19438025	4.908206	9.70927475	7.5945618125	Cluster2
GSM1369802	4.89966440625	5.619746	5.328518	7.396001875	5.501155875	10.33791675	5.71486975	4.7630520625	5.76366391666667	6.13478175	5.430751375	5.9792556875	6.7779081875	6.0236016875	8.9564681875	5.650505625	4.998078	4.743207625	5.112908375	7.190850625	5.235161875	7.69098675	6.22643025	8.62092508333333	5.9803919375	9.15288275	4.848570125	9.630129	7.42038090625	Cluster1
GSM1369803	4.9287449375	5.675152375	5.210982625	7.35097575	5.535919375	10.164552125	5.552919875	4.6765905625	5.53186629166667	5.93551609375	5.168777375	6.392428	6.6820451875	6.076283125	8.4495426875	5.727675375	5.10502475	4.911609	5.0447135	7.06613584375	5.06135525	7.42511625	6.332020875	8.74654529166667	5.94270775	9.320146375	4.8183211875	9.903323875	7.4968566875	Cluster1
GSM1369804	4.8404290625	5.658883125	5.1388415	7.484441625	5.645863625	10.34738821875	5.48911725	4.79459078125	5.43000308333333	6.0867060625	5.3659595	6.0674651875	7.0579698125	5.8214075625	8.9902563125	5.790406	4.941963625	4.95980125	5.291160625	7.1227485625	5.19278375	7.1721526875	6.3876853125	8.8829275	6.075259625	9.338171125	4.8322816875	9.9177725	7.1658685	Cluster1
GSM1369805	4.9039030625	5.791682125	5.323867	7.659840625	5.578211625	10.05233728125	5.5177175	4.6946939375	5.77414375	5.8470505	4.860342625	6.37452925	6.5273224375	5.9211904375	8.8843258125	5.709413875	5.022221125	4.8414305	5.21831325	7.1017984375	5.0577795	7.036961375	6.4505174375	8.70405966666667	5.9152178125	8.900269125	4.8000250625	9.869232625	7.402747609375	Cluster1
GSM1369806	4.884743	5.6666165	5.1636925	7.667393	5.445523375	10.4733019375	5.670675375	4.8095615625	5.54057695833333	5.9555026875	5.575287	6.2149036875	7.036666625	5.93017575	9.1927263125	5.640646125	5.0373865	4.873365	5.209879875	7.10970778125	5.114507	7.144115875	6.3736575	9.04137770833333	6.14893025	9.660331	4.8322431875	10.045327375	7.309108125	Cluster2
GSM1369807	4.9048245625	5.4731771875	5.1402665	7.550263	5.758591875	10.20037075	5.5374013125	4.8168915	6.19128647916667	6.2339464375	5.28085325	6.0054753125	6.75531925	5.9876604375	9.0857179375	5.839187625	5.02123675	4.792091875	5.1217855	7.0194315	5.247623	7.2975475625	6.20169275	8.62259420833333	5.9906448125	8.9622635	4.8225065	9.780777625	7.31470734375	Cluster1
GSM1369808	4.8464239375	5.679272375	5.054715875	8.927818	5.5523785	10.2187134375	5.533480375	4.69985778125	5.338806	7.111055375	5.143348625	6.0159605	6.90789525	5.729227625	9.274883	5.6666165	4.96687675	4.80112575	5.099484125	7.04276590625	5.236842125	7.3823954375	6.39887825	9.02167391666667	6.298132125	9.06425575	4.9659656875	9.154475625	7.2906253125	Cluster2
GSM1369809	4.90319325	5.8070404375	5.220235125	7.826294125	5.58778925	10.509780375	5.492548375	4.82397725	6.41519954166667	5.8750736875	5.04621425	6.118140875	6.885540125	5.718392	9.0488869375	5.8293935625	5.002998	4.706477	5.098519875	7.14845471875	5.077057875	7.060662875	6.36883290625	8.571570375	6.294525375	9.285555625	4.8711693125	9.980707125	7.200606265625	Cluster2
GSM1369810	4.871538875	5.609452125	5.245719375	6.9693	5.38541825	10.09190746875	5.50695475	4.7391014375	5.48497191666667	5.9400668125	5.782098875	5.9948304375	6.856616375	5.7652534375	8.644155625	5.738021125	4.871202625	4.892655625	5.2491365	7.163856375	5.287772	7.2248966875	6.2973644375	8.865432625	6.027309125	9.153487125	4.8993478125	9.925998625	7.3880369375	Cluster1
GSM1369811	4.9533443125	5.556791625	5.30811425	8.242095375	5.41248425	10.06950578125	5.69151775	4.9625561875	5.49339983333333	6.0989969375	5.3005625	6.5516350625	7.0588725625	5.8019745	9.0420646875	5.680129125	4.960501875	4.865777875	5.023509	6.990456859375	5.117171375	7.237612	6.5608510625	8.58497970833333	6.0579633125	9.007735875	4.807059875	9.93913125	7.41153875	Cluster1
GSM1369812	4.8708991875	5.71486975	5.077057875	7.66827725	5.6405305	10.024560625	5.351790375	4.8346133125	5.94428591666667	5.895796875	5.239130375	6.1598983125	6.9396145625	5.76278878125	8.78878	5.51278875	5.10785075	4.962053875	5.0869745	7.1519093125	5.10608725	7.3552641875	6.2868804375	8.695757375	6.1772301875	8.947446625	4.8797794375	9.702058	7.37922028125	Cluster1
GSM1369813	5.04135665625	5.54602375	5.161318375	7.606836625	5.699047375	10.14515003125	5.513994625	4.7441046875	6.35622695833333	6.01791025	5.1616415	6.305732375	6.9524419375	5.808708	8.7081115	5.74266775	5.415952875	4.983980875	5.1659279375	7.0877880625	5.164052	7.26224375	6.30111825	8.65207045833333	6.06572125	8.943980875	4.806489375	9.717075625	7.2992018125	Cluster1
GSM1369814	4.82347525	5.65505325	5.195420375	6.891933875	5.423117125	10.61279215625	5.5376505	4.804995	5.54894904166667	5.959458875	5.63149325	6.19205425	6.8069494375	5.86887825	8.4911544375	5.6991071875	5.0075286875	4.76211375	5.05333	7.014468359375	5.082144	7.564843375	6.25701209375	8.9112145	6.0696255	8.891851875	4.8373846875	9.6401485	7.343155203125	Cluster1
GSM1369815	4.86877675	5.5535449375	5.156322	7.22404625	5.54021775	10.239787	5.5489005	4.8873885625	5.69742379166667	5.821338875	5.13919825	6.06774025	6.979803	5.8051013125	8.2662351875	5.7788765	5.013655125	4.73575	5.021070625	7.1640936875	4.9750815625	6.9636779375	6.345297875	8.75186354166667	6.089361375	9.429300375	4.8603374375	10.000792875	7.11338703125	Cluster2
GSM1369816	4.8330330625	5.477589875	5.208713	7.613131	5.5444545	10.2397811875	5.504189	4.8069731875	5.33135770833333	6.3288443125	5.46165975	5.9787441875	6.6968650625	5.7778513125	9.355136625	5.768286625	5.053507	4.74919125	5.193599125	7.19715409375	5.155012	7.123830875	6.404951125	8.47565279166667	6.00304075	9.06963425	4.8383755	9.903323875	7.391343109375	Cluster1
GSM1369817	4.8429911875	5.55306125	5.115722375	8.1202215	5.6405305	10.275924625	5.583204125	4.8325429375	5.93925341666667	6.3404630625	5.1665869375	6.6100500625	7.31741425	5.51887775	9.3815986875	5.6337065	5.08489725	4.7868855	5.11107775	7.097623	5.143167125	7.2464944375	6.260284	8.93937954166667	6.1894958125	9.261594375	4.8203776875	9.984562125	7.44662728125	Cluster1
GSM1369818	4.8167275	5.51053625	5.21445375	7.9475245	5.5682765	10.29906584375	5.494945875	4.7240906875	5.590957	6.3455006875	5.536574875	6.252702375	7.080670875	5.83509725	9.148320125	5.536448375	5.099484125	4.895525875	5.257573125	7.06711715625	5.23265025	7.3826950625	6.2294320625	8.74913041666667	6.0434171875	9.06695075	4.8560558125	9.653136625	7.34859715625	Cluster1
GSM1369819	4.87174625	5.54274725	5.179105	7.702776375	5.43501325	10.44642865625	5.67544625	4.8505609375	5.26567320833333	6.247125125	5.3510375	5.9722451875	7.102010875	5.71500525	8.5668794375	5.6025130625	4.90706875	4.761004625	5.1022038125	7.192141765625	5.095087125	7.2496935	6.316263375	8.79213208333333	6.1091705	9.118962375	4.8788578125	10.132805125	7.467712875	Cluster1
GSM1369820	4.9107888125	5.579943875	5.157674625	7.200894875	5.67420775	9.930122125	5.534670375	4.9104460625	5.21929533333333	5.80028575	4.846878375	6.1697545625	7.23910175	5.8293558125	8.9436878125	5.808522625	5.0129195	4.78502775	5.222802	7.188820125	5.173776375	6.8567420625	6.3720645625	8.68218154166667	6.0187041875	9.1512255	4.9370285625	9.6735565	7.20908803125	Cluster1
GSM1369821	4.9114455625	5.60183475	5.199192	8.577644125	5.55923325	10.46492071875	5.67530325	4.7316345625	5.4796235	7.936267	5.214140875	6.05707825	6.483592625	5.7550016875	9.8683350625	5.832901	5.02919125	4.748870125	5.20395975	7.27898315625	5.165679	6.91665940625	6.324586	9.163503125	5.9626476875	9.4371925	4.8528384375	10.233055	7.481596453125	Cluster2
GSM1369822	4.867229625	5.822780125	5.370474	7.321864875	5.684641625	10.44000909375	5.606397375	4.8692870625	5.54045891666667	5.919861625	5.312433625	6.17942165625	6.890031625	5.727536875	8.5190904375	5.87449025	5.0924685	4.833684	5.068852625	6.9403006875	5.0665365	7.0316613125	6.5119954375	8.99501270833333	6.077026625	9.57548525	4.9090920625	10.335733125	7.4172119375	Cluster2
GSM1369823	4.8440885625	5.699653125	5.251634375	6.96670625	5.413742125	10.17052521875	5.4719545	4.783689	5.538096	5.8370229375	5.025997125	6.157956875	6.830156625	5.821608125	8.4933706875	5.853796375	5.035568125	4.93821875	5.13069925	7.24482434375	5.152209	6.9434295625	6.36960825	8.57151591666667	6.013705	9.090233	4.8727206875	10.00864625	7.28043534375	Cluster1
GSM1369824	4.872616875	5.637637875	5.1875455625	6.499822125	5.49846475	10.31365828125	5.35637825	4.7333206875	5.7147894375	5.9191005625	5.123559	5.9753819375	6.6503170625	5.9767375	8.5262294375	5.801428625	5.01978	4.940031	5.0004429375	7.21047025	5.18904075	6.7572286875	6.4104968125	8.6801500625	6.0191418125	9.580670625	4.8556516875	10.41905	7.41960390625	Cluster2
GSM1369825	4.87709725	5.533480375	5.10260325	7.328273125	5.668070875	10.21736778125	5.4601321875	4.81346775	5.54623158333333	5.943365375	5.271478375	6.089252	6.83965371875	5.773974	9.0548195625	5.8874226875	4.896138125	4.804511625	5.093663125	6.93069440625	5.207900375	7.2843710625	6.294633	8.58838170833333	6.15402753125	9.084587125	4.85770125	9.98981325	7.2918739375	Cluster1
GSM1369826	4.7750435	5.58778925	5.181719375	7.578570625	5.558819625	10.1789325	5.618673625	4.821494375	5.49076166666667	6.360422625	5.219985875	6.1152399375	6.3721645	5.7493743125	9.4812855	5.743512375	4.981714125	4.765762	5.170659875	7.162783875	5.07079075	6.9286436875	6.2866625	8.698406125	6.0095331875	9.321525125	4.8399301875	10.040071125	7.478540625	Cluster1
GSM1369827	4.8423905625	5.66249725	5.18904075	8.042558875	5.396881375	10.4508581875	5.618233625	4.734032875	5.31780279166667	6.37400425	5.188605125	6.0638505	6.4745914375	5.5714428125	9.5276065	5.604654375	4.972847875	4.818438375	5.16217	7.21386715625	4.9736075	6.5316030625	6.46163625	8.70084429166667	6.0401660625	9.496321625	4.8977601875	10.0222185	7.33405275	Cluster2
GSM1369828	4.88758925	5.572015	5.287772	7.4410035	5.59104925	10.2382939375	5.497529375	4.8019654375	5.32800220833333	7.242016125	5.387241625	6.003614375	6.5043864375	5.8695080625	10.2975779375	5.86750825	5.038085125	4.812506875	5.07079075	7.22833809375	5.131366	7.303899125	6.247515375	8.68154983333333	6.113652	9.173006875	4.8514474375	9.740418875	7.51691384375	Cluster1
GSM1369829	4.874895625	5.406113125	5.170659875	9.6196035	5.468580125	10.33267328125	5.777226625	4.729541	5.583717375	6.90726425	5.317200375	5.9789041875	7.3113008125	5.835440125	9.9411956875	5.5936765	4.968306625	4.789046875	5.053917375	7.12082846875	5.025614375	7.0651276875	6.2997233125	8.81912366666667	6.0351951875	9.21811575	4.843624125	10.073377125	7.680901453125	Cluster2
GSM1369830	4.82687225	5.710786	5.184221	6.887125	5.50967925	10.36182078125	5.650662375	4.7402759375	5.609378625	6.3898425625	5.616059375	5.948113375	6.6846485625	5.767132	8.8414716875	5.6403865	4.98747575	4.85578125	5.20171925	7.1536365625	5.093323125	6.8843111875	6.4217200625	9.02769004166667	6.17089165625	9.2858904375	4.81729740625	9.644904125	7.70585540625	Cluster2
GSM1369831	4.8711325625	5.8076415	5.1981975	7.932043375	5.4565584375	10.48474415625	5.469349	4.80434875	5.37242970833333	5.833603125	5.05951775	5.907277125	7.2176749375	5.799632875	9.272676	5.676012	4.979198375	4.861335625	5.0447135	7.08845553125	5.204300125	7.1039751875	6.52066575	8.76277133333333	6.06619796875	9.2421405	4.802992625	9.96694725	7.365018984375	Cluster2
GSM1369832	4.9394169375	5.659026	5.231754125	7.85816125	5.470877375	10.3813380625	5.638998375	4.7392238125	6.10363858333333	6.0954513125	4.973430875	6.050912	6.56374575	5.7876785625	8.3082283125	5.6243434375	5.007773	4.862735125	5.13442175	7.290703890625	5.1675955	7.3722205	6.3742404375	8.64703033333333	6.058779	8.744486875	4.8356744375	9.639223125	7.54493121875	Cluster2
GSM1369833	4.85999159375	5.5361855	5.145779375	7.800254375	5.447524375	10.006449875	5.487043875	4.7488390625	5.60901358333333	6.0747868125	4.978969	5.9560981875	7.136591625	5.812129625	8.531289875	5.782098875	5.076026	4.881898875	5.230583	7.02404053125	5.161318375	7.46528675	6.457010625	8.58163808333333	6.0282201875	8.946392625	4.7502833125	9.560009	7.405832171875	Cluster1
GSM1369834	4.94018675	5.426608875	5.158011375	7.329140875	5.5558440625	10.21709534375	5.592146	4.7099678125	5.42674620833333	7.14160053125	5.6746064375	6.1124065625	6.9371461875	5.964490875	9.7620675625	5.705359	4.92257375	4.80502975	5.20647825	7.19397403125	5.285946	7.3563913125	6.3876275625	8.72518554166667	5.911109	8.832070625	4.82508975	9.691248625	7.337126625	Cluster1
GSM1369835	4.970065875	5.706553375	5.07079075	8.017841	5.725031875	10.40437734375	5.55500075	4.7980991875	5.93198904166667	6.497490125	5.330819625	6.1493585	7.0812475625	5.7929145	9.442626125	5.72546925	4.89107325	4.77623975	5.20837425	7.16397425	5.11962775	7.0659360625	6.2823804375	8.856464875	6.122336375	9.057805	4.78684925	9.881538625	7.471514453125	Cluster2
